第1幅图像的平均误差：0.0490292像素
第2幅图像的平均误差：0.0258057像素
第3幅图像的平均误差：0.02388像素
第4幅图像的平均误差：0.0259488像素
第5幅图像的平均误差：0.0537561像素
第6幅图像的平均误差：0.0323812像素
第7幅图像的平均误差：0.030556像素
第8幅图像的平均误差：0.0371369像素
第9幅图像的平均误差：0.0446244像素
第10幅图像的平均误差：0.04699像素
第11幅图像的平均误差：0.0302059像素
第12幅图像的平均误差：0.0352902像素
总体平均误差：0.0363004像素

相机内参数矩阵：
[322.5391343461478, 0, 625.0065809547535;
 0, 323.141655967513, 500.6289835945329;
 0, 0, 1]
畸变系数：
[-0.0378935, 0.0198747, -0.0179772, 0.004933]
第1幅图像的旋转向量：
[2.68817, -1.26135, -0.382032]
第1幅图像的旋转矩阵：
[0.6145346689431463, -0.7336859318767496, -0.2899173917395829;
 -0.7712508727980837, -0.6360312765165519, -0.02522511646989171;
 -0.165889215668564, 0.2391007500173744, -0.9567191852712047]
第1幅图像的平移向量：
[122.982, 184.088, 122.079]
第2幅图像的旋转向量：
[-3.04306, 0.389031, -0.0100424]
第2幅图像的旋转矩阵：
[0.9678611965481586, -0.2509863719951107, 0.01582862246370733;
 -0.251468754161946, -0.9651644363308262, 0.07225701711555318;
 -0.002858303098943769, -0.07391516701550835, -0.9972604364901196]
第2幅图像的平移向量：
[-35.8813, 84.1484, 169.066]
第3幅图像的旋转向量：
[2.44274, -1.67017, 0.726049]
第3幅图像的旋转矩阵：
[0.287089726688799, -0.8994870140946474, 0.3293973289279182;
 -0.8544252716817895, -0.3959204571815726, -0.3364586849772718;
 0.433055358979948, -0.1848515703482946, -0.8822091322348222]
第3幅图像的平移向量：
[10.1109, 174.742, 163.439]
第4幅图像的旋转向量：
[-2.93346, 0.181149, -0.799906]
第4幅图像的旋转矩阵：
[0.8553270575079173, -0.08921256249305748, 0.5103496285765967;
 -0.1393654731477297, -0.9883728934669201, 0.06079710810669823;
 0.4989918732696529, -0.1231265290392385, -0.8578152296722134]
第4幅图像的平移向量：
[-114.007, 30.6243, 148.886]
第5幅图像的旋转向量：
[-2.79848, 0.883461, 0.166864]
第5幅图像的旋转矩阵：
[0.8147861976508164, -0.5778836573452872, -0.046625429659788;
 -0.5550791747891344, -0.8007871194980353, 0.2250046643104386;
 -0.1673635618440847, -0.1574498898674566, -0.9732414758669028]
第5幅图像的平移向量：
[-30.8866, 4.49151, 134.57]
第6幅图像的旋转向量：
[-2.76068, -1.00335, -0.60581]
第6幅图像的旋转矩阵：
[0.6961083498082601, 0.6414288823727421, 0.3224936498371322;
 0.5840893218170551, -0.7671730034928973, 0.2651136489337724;
 0.4174599734902886, 0.003817272552742584, -0.9086872943778546]
第6幅图像的平移向量：
[-155.385, -53.6043, 153.616]
第7幅图像的旋转向量：
[-2.83925, -0.888217, -0.730949]
第7幅图像的旋转矩阵：
[0.7184316848726026, 0.5552642828141414, 0.4189719446478611;
 0.5179973120516947, -0.8290689710022388, 0.2105312946535693;
 0.464257147363756, 0.06577398841628927, -0.8832548236887708]
第7幅图像的平移向量：
[-122.671, -60.0065, 93.338]
第8幅图像的旋转向量：
[-2.95086, 0.176199, -0.580528]
第8幅图像的旋转矩阵：
[0.919227923909087, -0.0893117160997365, 0.3834624378907402;
 -0.1388942002473268, -0.984876688129647, 0.1035679019601791;
 0.3684133887950398, -0.1484632161381999, -0.917731032716262]
第8幅图像的平移向量：
[-64.9649, 66.0724, 93.5306]
第9幅图像的旋转向量：
[-2.91253, -0.525741, -0.658686]
第9幅图像的旋转矩阵：
[0.8459414720458744, 0.3558845211379045, 0.3971513986974017;
 0.3083706585861057, -0.9340503928522765, 0.1801593753754692;
 0.435075353009142, -0.029934448833279, -0.8998963084583791]
第9幅图像的平移向量：
[-94.2412, 9.87362, 66.2078]
第10幅图像的旋转向量：
[-2.98271, 0.0858927, -0.698564]
第10幅图像的旋转矩阵：
[0.8946679008198337, -0.03694804611074154, 0.44520129057678;
 -0.07200246606051081, -0.9954706711630209, 0.06207888316851137;
 0.4408911340952968, -0.08759557490446199, -0.8932760061332219]
第10幅图像的平移向量：
[-85.6784, 61.5143, 69.411]
第11幅图像的旋转向量：
[-2.17821, -1.9397, -0.402026]
第11幅图像的旋转矩阵：
[0.1034425582221326, 0.9921043471241969, 0.07091263332955866;
 0.9385625478055925, -0.1209624690558124, 0.3232157560153854;
 0.3292415238166905, 0.03312167714946238, -0.9436646509738883]
第11幅图像的平移向量：
[-54.3531, -82.7777, 214.873]
第12幅图像的旋转向量：
[-2.8661, 0.433532, -0.545208]
第12幅图像的旋转矩阵：
[0.8894811422148795, -0.2477414981754468, 0.3839888640649585;
 -0.3183100668643615, -0.9388013229320517, 0.1316464104859502;
 0.3278749746121496, -0.2393245205632191, -0.9139046858837454]
第12幅图像的平移向量：
[-67.7313, 123.058, 113.074]

